0
2
3
7
9
10
11
12
13
15
17
18
19
21
23
24
27
28
31
32
34
36
40
43
44
45
46
48
50
51
52
53
54
59
60
61
63
64
66
67
68
72
74
79
81
82
84
91
92
93
94
96
97
100
105
107
108
109
110
112
113
118
119
120
121
124
125
128
130
132
133
137
138
139
141
142
146
147
149
150
151
152
155
157
160
161
165
166
167
169
171
173
174
175
177
178
182
187
192
194
196
198
199
200
201
202
203
204
205
206
208
209
210
214
216
218
224
225
227
229
230
233
234
235
238
241
242
244
245
246
250
251
252
254
256
257
258
263
266
267
278
280
281
283
286
288
289
290
291
293
300
303
304
305
308
309
310
313
315
316
318
320
322
323
324
325
327
329
330
333
337
338
339
341
342
344
347
349
351
352
353
356
357
358
361
362
365
366
368
371
372
373
376
377
378
379
381
385
386
387
389
390
391
393
394
395
397
399
